10,125
3,2
3,1
3,3
10,176
10,264
10,252
10,80
10,276
10,270
10,34
10,248
11,18
11,2
9,6
9,4
52,4
52,3
52,2
52,1
52,0
8,17
51,3
8,12
51,2
8,14
51,1
8,10
51,0
8,6
50,3
8,2
50,2
50,1
8,3
50,0
49,5
49,4
49,3
49,2
49,1
49,0
48,4
48,3
48,2
48,1
48,0
46,5
46,4
46,3
46,2
46,1
46,0
43,5
43,4
43,3
43,2
43,1
43,0
41,5
41,4
41,3
41,2
41,1
41,0
39,3
39,1
37,3
37,1
32,3
32,1
29,3
29,1
20,3
20,2
20,1
19,2
19,3
19,1
12,3
12,2
12,1
11,29
11,28
11,27
11,26
11,25
11,24
11,23
11,22
11,21
11,20
11,19
11,17
11,15
11,14
11,13
11,12
11,11
11,10
11,8
11,7
11,5
11,1
11,4
11,3
18,1
10,263
